63 7 21
-4.0 -2.0 0.0 2.0 -2.0 -6.0 -2.0 0.0 -2.0 2.0 6.0 -2.0 0.0 0.0 0.0 -2.0 2.0 2.0 2.0 0.0 0.0 0.0 -2.0 2.0 2.0 6.0 0.0 0.0 0.0 -4.0 2.0 0.0 4.0 -2.0 2.0 0.0 2.0 2.0 2.0 4.0 4.0 0.0 0.0 0.0 4.0 2.0 2.0 4.0 0.0 0.0 0.0 2.0 2.0 0.0 2.0 0.0 -2.0 2.0 -2.0 -2.0 0.0 0.0 2.0 
2.0 2.0 -2.0 -2.0 0.0 6.0 -2.0 2.0 0.0 2.0 0.0 2.0 -4.0 6.0 0.0 2.0 2.0 0.0 0.0 2.0 4.0 0.0 2.0 2.0 4.0 2.0 6.0 0.0 0.0 4.0 4.0 6.0 2.0 6.0 0.0 0.0 0.0 0.0 0.0 0.0 0.0 4.0 0.0 0.0 2.0 2.0 2.0 0.0 4.0 2.0 -2.0 2.0 2.0 2.0 -6.0 6.0 0.0 0.0 -2.0 0.0 -2.0 4.0 -2.0 
-5.0 -3.0 3.0 1.0 1.0 -3.0 5.0 -3.0 9.0 3.0 1.0 1.0 1.0 5.0 5.0 1.0 3.0 -1.0 3.0 -1.0 1.0 5.0 1.0 -1.0 3.0 1.0 -1.0 -3.0 5.0 -3.0 -3.0 -1.0 -3.0 -5.0 1.0 5.0 -1.0 -1.0 1.0 1.0 -3.0 -3.0 5.0 -3.0 3.0 1.0 3.0 -3.0 1.0 -3.0 3.0 3.0 3.0 1.0 -1.0 3.0 -7.0 -5.0 -1.0 1.0 -1.0 -1.0 1.0 
2.0 4.0 0.0 -2.0 0.0 -6.0 0.0 2.0 2.0 4.0 2.0 2.0 6.0 -2.0 0.0 4.0 4.0 0.0 2.0 2.0 4.0 0.0 4.0 -2.0 2.0 0.0 2.0 6.0 0.0 0.0 -2.0 0.0 -4.0 -2.0 10.0 0.0 2.0 0.0 2.0 2.0 0.0 6.0 0.0 0.0 4.0 2.0 4.0 0.0 4.0 2.0 -2.0 4.0 4.0 2.0 4.0 -2.0 0.0 2.0 -2.0 0.0 -2.0 -6.0 0.0 
2.0 4.0 0.0 6.0 6.0 -2.0 10.0 4.0 0.0 4.0 2.0 0.0 -2.0 2.0 2.0 2.0 4.0 -2.0 4.0 2.0 -6.0 2.0 2.0 -2.0 6.0 2.0 -2.0 -2.0 2.0 2.0 2.0 10.0 6.0 -4.0 0.0 2.0 0.0 0.0 2.0 2.0 0.0 -6.0 2.0 0.0 4.0 2.0 -2.0 0.0 -6.0 4.0 -4.0 4.0 4.0 2.0 -6.0 2.0 0.0 2.0 -2.0 6.0 4.0 -2.0 12.0 
-2.0 0.0 -4.0 -2.0 0.0 2.0 4.0 0.0 -2.0 2.0 0.0 0.0 4.0 0.0 -2.0 0.0 2.0 -2.0 2.0 6.0 -2.0 -2.0 0.0 -2.0 2.0 0.0 6.0 0.0 -2.0 -2.0 -2.0 0.0 -2.0 4.0 2.0 -2.0 -2.0 -2.0 0.0 0.0 4.0 0.0 -2.0 2.0 2.0 0.0 2.0 4.0 -2.0 0.0 0.0 2.0 2.0 0.0 2.0 0.0 -4.0 -2.0 0.0 2.0 0.0 -4.0 0.0 
1.0 1.0 -1.0 -3.0 -1.0 1.0 3.0 1.0 1.0 1.0 -1.0 3.0 1.0 -1.0 1.0 1.0 1.0 1.0 1.0 1.0 -1.0 1.0 1.0 1.0 1.0 -1.0 1.0 -1.0 1.0 1.0 -1.0 -1.0 -3.0 -1.0 1.0 1.0 -1.0 -1.0 1.0 -1.0 -1.0 -1.0 1.0 -1.0 1.0 1.0 3.0 -1.0 -1.0 1.0 -1.0 1.0 1.0 1.0 1.0 -1.0 -1.0 -1.0 -1.0 -1.0 -3.0 -1.0 1.0 
-2.0 -2.0 -3.0 -4.0 -4.0 -2.0 -1.0
zeroWeights-oneLR-tenTheta.txt,0,5,1.0,0.00001,10.0,
